3486
4154
2418
7452
4682
9685
11740
1818
7179
6435
1601
3534
6562
8653
7519
6018
3019
1946
1060
3415
7082
8631
4887
7308
2570
3541
11300
4900
1448
9264
8496
5657
3700
2895
1441
6248
5190
3983
10208
10848
1660
5233
2065
11477
9590
1830
8356
9045
8597
3939
9307
8088
5380
7933
11478
10956
9913
11362
9390
10288
4641
8453
11189
108
4931
1088
1769
11721
5812
8777
7884
10812
6242
4015
10049
6786
5749
8777
7918
4331
7190
3483
848
2563
9739
5902
9953
6838
1898
9790
5794
6418
5394
11935
1133
3669
1275
1378
803
1307
1365
182
10771
11452
3398
10985
11836
7856
6765
2910
8204
8638
11720
2054
7273
11235
10253
5812
10503
7988
5504
11722
4123
1898
8686
9320
699
5571
9927
7641
2194
10216
6266
5542
4207
11798
8245
981
11424
6054
4094
6627
2103
1058
5477
868
8537
5363
3074
11357
10951
3511
3994
10572
10195
8785
10059
3763
1823
1543
2470
4744
8821
372
4194
8559
6217
4485
583
10001
255
9427
3348
3187
3502
6101
6918
6139
11439
1526
1580
5285
3612
410
2468
4290
3258
3783
7544
9353
9617
6388
7180
1311
6772
8373
8764
1436
3868
7092
3942
4700
1947
5390
1704
7606
8386
11757
5455
1340
11103
7073
2539
3037
9147
8411
395
10374
6226
447
4571
3498
4967
9553
10307
3485
327
8428
7192
4012
630
447
11622
6914
16
10434
4328
8532
6949
10575
8251
6470
3461
4566
3281
1384
5419
3784
3166
11872
2909
4380
3896
2313
6148
5709
4374
3684
1940
6316
2963
1896
6723
1971
11734
5164
619
2823
7791
9142
10695
7739
6013
8309
728
11236
9864
2059
3347
4173
628
2405
2238
7430
4511
7008
1422
4321
3470
8367
1210
4330
1499
7609
8479
9985
3250
1171
2276
2292
10486
11024
10548
8139
1783
1686
1888
9426
240
2400
5765
2415
8635
10176
9505
8893
1564
1270
4650
6224
1540
8796
8874
5229
10828
4713
695
11047
3040
11371
4602
8746
2049
1064
9952
6449
6735
9737
2172
46
10430
983
5273
11366
5583
4974
582
3709
1281
11656
5889
7197
5680
2795
7776
7185
9250
2956
9990
2266
7917
11415
8038
3961
3773
1335
982
4196
2960
11165
5537
11020
7682
6260
9095
3724
3962
196
7163
9664
2879
2974
9005
4535
430
7517
2856
1734
7
403
1157
4639
7679
3693
4584
4282
4028
1980
3446
5840
5269
2507
4149
731
6647
194
6934
10857
4890
1855
984
1586
7488
4675
274
6629
11069
3196
2127
10724
8952
8579
2523
7359
1151
3844
7526
8322
4682
5101
10992
5842
5979
3393
8863
4479
8545
901
1827
8622
3662
8589
9064
4550
6062
235
3992
9533
1898
11922
656
6262
1210
8594
6302
11154
3234
6261
165
7663
10512
11645
210
2743
6708
4807
10702
7922
3329
8278
8005
10195
10293
2674
3922
10069
6308
11546
9075
542
5551
11389
3543
1672
4858
6294
3948
2600
6939
606
7556
551
9627
11293
2746
4239
5168
4348
5337
3529
10861
647
3738
5887
1052
4040
823
3298
2594
6295
6667
769
3269
7666
3903
1432
9581
6386
517
3455
8438
3326
3225
8603
4886
11343
396
11251
8959
8495
8575
2029
5068
6389
7202
1979
5022
7276
1998
5236
8873
362
6747
2713
206
2957
11848
2134
345
1583
8017
2976
11101
8160
10915
495
313
8598
3220
4999
4360
1865
2826
10861
9125
10582
11327
2538
1625
5646
3876
9920
10596
7201
9733
6836
7717
2361
2462
8425
6069
737
5764
1245
8542
11649
5301
10676
2519
256
10646
9082
124
3480
6595
3619
1607
8633
5654
6242
1176
6101
7316
8624
3634
2221
5086
1139
4648
11635
10789
3960
7286
11975
11740
7495
6663
5653
7735
9049
1116
9792
11571
10547
2269
6021
2958
507
5674
2922
1195
6209
8424
11289
6840
5064
197
10185
8919
3735
9638
1951
1806
9355
2814
4834
946
5432
694
8862
4963
1687
138
7847
11471
3965
3872
2096
3042
7788
1220
2435
10282
4816
1091
4564
6856
9592
1748
3584
8597
422
401
9668
7411
11126
7424
7407
6762
5561
3237
5302
2866
2523
4456
4114
2506
2505
1861
1501
4507
8223
8061
1399
5425
7526
7420
10006
4898
395
10922
8035
6350
5260
4029
11082
2395
1648
4510
2467
9293
4510
3310
5854
11186
8052
9199
10226
8625
4009
4811
3477
1023
2536
4083
8923
1169
7711
6716
11425
1848
7702
10443
6659
5872
4139
10277
4198
11432
10104
9752
6615
6735
7352
390
4761
7254
11029
4168
5641
1669
8065
7734
7979
6759
5850
2427
9629
6948
10479
886
6373
3172
8970
5048
3472
1929
9363
7859
9484
3049
4422
5788
8407
5726
4933
5454
11142
10728
5168
5262
2530
481
80
5870
5930
11852
11146
11648
11294
6940
11494
4988
3162
11148
7095
6397
5772
8965
9215
11745
1636
2616
240
11881
5498
2697
2193
9023
11500
5313
4845
4886
5664
5008
10361
11488
8490
894
3702
10883
11485
2923
2802
4770
8870
8097
3605
8997
9525
8707
4537
9446
341
4322
4848
587
8777
4238
1490
207
7241
7504
7792
9374
11299
5405
8178
1668
7313
10416
2552
22
3194
133
5657
1212
8355
2612
10862
5115
11748
8768
301
6313
8036
6154
134
9423
1499
2443
929
744
7178
6304
8798
7408
9063
6147
2847
1104
9808
9359
8932
4876
7478
8115
10343
10073
6265
6794
7259
2700
1902
8256
186
1829
10670
11880
539
3532
9431
1271
7681
6048
11049
1962
4410
1432
10846
5128
3804
11892
5406
10563
5723
1341
1093
8579
2998
4429
52
4474
3421
10301
4277
2380
4151
4901
5468
28
6004
5357
5977
9902
6307
1245
8022
11704
632
6077
10682
11771
7673
6320
6817
5240
7912
10572
3131
10260
7441
4220
3982
6450
3403
978
3374
2052
9005
4150
7692
3870
5917
11306
326
3086
2087
4225
2213
6456
11622
1570
7638
8128
345
6669
10293
8464
8029
5143
8659
10770
9993
793
4149
715
4892
11232
4297
8495
11991
1211
398
2398
10068
7415
8581
4508
7341
3676
5196
6585
1391
10158
7702
8992
10054
12000
6890
11642
8606
10225
9351
9452
7302
4442
481
1689
2400
2911
139
2843
5348
11020
7208
6305
10591
25
3900
5138
6753
8132
7512
621
8506
7524
4667
4997
7444
11947
8729
9998
9621
3743
5131
11239
9170
10952
3762
6446
5472
4138
2366
10760
9897
5109
59
2969
6918
1445
1629
4585
9695
2016
1182
10993
9786
5205
19
4728
650
3513
6259
9057
10948
11556
6804
9508
8372
7142
11632
1948
11877
1220
2206
2026
3607
1900
1977
429
9729
6619
3443
7457
9554
682
5223
6752
3001
4012
1825
7823
1373
10862
519
10121
5806
1611
5698
7935
1485
3411
11605
11276
7811
1573
7036
9162
9175
3996
828
2369
11897
8796
4480
10712
6054
457
10151
11312
8576
10444
2618
5079
5946
110
2397
10750
1210
9126
6294
9350
712
9278
11082
10854
7097
3636
7765
9022
4591
10476
10089
10098
10440
6197
3477
6016
6579
3685
9502
9173
2280
8109
8283
5560
3415
1121
10895
8243
5420
743
1871
7596
702
11922
10361
6689
9384
5790
9227
11403
4726
8184
600
3525
7469
11685
3910
9100
6501
10771
10338
11651
6938
4142
9947
6699
10613
4296
6386
6120
6387
5712
1134
6377
8378
5730
2646
5594
9342
6278
3562
6651
1893
2028
3337
9150
2139
5430
6126
8112
8501
3220
10760
5614
7121
6622
6860
3406
2231
4371
6884
11602
1204
10042
9860
5124
3759
841
1062
1422
8868
6118
6607
265
5430
269
11163
3034
9598
10579
2485
10972
8893
1686
4419
1209
10849
4988
8291
172
11896
11205
7296
88
4560
9682
3524
11841
11788
10685
8667
296
8280
3027
1278
2507
269
2815
3597
8788
10932
3923
11494
11734
10950
7011
31
10593
6287
1461
2403
2177
8240
3575
5692
2642
181
6683
10947
10963
9149
6524
3461
838
519
335
3963
9000
4515
4512
10573
6544
2120
9566
6941
7932
5229
4267
7887
5659
5451
9461
150
9390
1980
5973
8561
4465
3284
8368
8923
6216
2100
7003
10401
1401
4346
6904
1900
8337
10016
1440
11201
945
9983
3590
6038
8944
892
5803
5359
10777
6899
7022
10160
1680
11992
391
3073
2384
6026
5499
11863
6469
11292
2684
8407
10299
4544
4045
1575
4688
9937
205
3529
8122
3124
1729
4553
11344
35
1284
1421
6514
9437
1211
4615
10921
10376
9121
4347
5326
9953
1444
8425
2587
11593
3596
8383
11037
3113
11440
8098
7405
5339
6232
5309
9670
9893
6031
10948
1252
11007
6737
8158
4371
4812
11553
8153
4093
2543
542
9705
1803
1446
8349
9160
7290
6914
5774
2219
2541
1475
51
7596
11627
2749
3056
9752
5634
11320
2527
11514
7704
4734
8591
3271
4510
9418
8434
9738
9393
2282
1920
3938
2390
2177
10301
1136
2009
32
8804
10811
6394
9669
52
598
5881
2735
6617
4292
10491
5075
9902
10513
2988
6052
6723
3599
4485
2987
10534
9558
5335
9834
11196
3566
1205
2553
1496
1589
6738
1417
362
3065
5057
10549
7733
2421
6697
3481
2554
4351
4121
414
11161
1307
10018
8019
497
9623
10975
2299
5238
8908
4860
4969
7775
8102
392
6164
3415
6548
8893
5053
3765
9916
3104
10989
3424
10560
205
7362
6495
6096
5799
4128
8296
504
8676
9249
1815
980
6511
5871
4053
3076
10442
3058
2331
2309
1597
5238
981
2476
3164
3260
8506
1332
7458
76
8417
11068
6745
6515
7352
2206
7168
9492
7957
1085
1175
6230
3149
6978
3208
1660
5030
1231
8187
6150
5591
9468
456
7084
1734
4911
10376
4527
11800
6337
10611
6316
874
11950
4468
7416
9614
627
4221
212
10115
548
8412
653
8592
101
3497
1766
6178
1309
945
5043
127
3635
8067
3547
1997
4094
3335
6326
3125
8007
861
1823
2756
7545
11950
10455
6638
10342
8284
5383
11736
8042
9323
9732
7897
8529
11852
8124
9886
3900
8414
8360
11156
4905
3476
3453
4044
9613
3697
6945
11774
9497
11545
1530
1733
5916
5785
4507
4945
6121
11993
1424
1444
6500
3239
7530
1522
3640
1524
5209
6334
5135
10243
2621
324
9672
9155
8058
266
2035
1808
8305
1381
7044
5259
9380
8106
11235
9204
507
3511
4298
6276
9043
5192
1784
3243
1284
4675
6533
4269
3734
7922
4572
138
11324
2510
7892
1484
1502
8345
7550
11574
9789
7482
1980
1100
3527
6721
9167
3669
8030
59
9518
335
1172
2929
2816
8522
2729
6349
5529
11081
3346
2675
4084
6975
1008
1608
3345
4231
4252
1414
7596
8304
5063
2046
3746
890
8540
7893
3262
11488
2854
355
509
8624
5926
4266
4715
3725
2420
3375
8689
7917
6330
6675
9744
10891
6340
1326
895
5031
9557
9230
7507
1575
5904
1022
11902
2410
2592
5319
6339
1409
5546
6499
2840
4830
8549
7149
10936
9319
7060
1458
3324
2436
10305
11465
710
6401
6176
2978
8756
6868
6891
6342
141
3083
9021
6884
1136
3626
7672
8996
10873
1239
7027
8217
8681
10855
360
7521
10403
2941
7821
7224
2509
5722
3922
6477
9122
8502
6647
10279
7745
10557
8409
7257
4525
9498
1880
2167
5286
9922
2773
9144
10381
9442
5153
1156
7565
8793
6710
11994
5650
11761
11668
11258
10589
5017
1570
4445
10972
1772
7227
1130
7554
219
6391
8607
11486
321
7528
6021
337
8332
8099
3118
11809
5739
8283
8177
8156
11917
9923
5514
7957
3825
3686
10153
3696
11455
9067
9826
5
486
5806
10424
10005
3770
5694
6322
4285
10741
419
1741
6444
4769
4259
1329
2918
727
5859
7646
3002
6651
7248
6034
11482
10424
8405
7549
9261
2783
4363
2214
4600
3710
6770
11824
11315
391
11199
3793
6266
3484
5237
11324
939
4254
10470
161
6678
4475
1978
8729
8302
5558
11813
2177
6404
11441
10118
6177
8520
1105
5240
6765
11656
1414
8070
6570
7354
11020
6264
11042
11477
7679
6718
4996
2343
6149
9752
5892
6640
10129
3965
9683
10665
7316
8565
1905
7056
3706
8211
2903
10032
9600
8010
11605
1479
7576
3297
7262
1912
11820
6167
10888
2317
8702
6478
5771
1380
2386
9134
1605
7337
4522
1947
7150
874
7699
9229
188
11063
361
3485
10771
6187
259
1214
8255
9673
284
10761
658
5957
6671
6563
118
6173
9041
10836
4982
2986
2698
6845
1114
1662
5778
11431
8452
10649
1558
2250
9673
9478
9203
11484
40
4720
614
6322
11051
19
8850
9557
9466
3896
6643
6927
9656
11050
8146
9636
832
11321
2849
10520
9878
1260
7918
10873
10880
8402
11806
1746
10348
11919
2045
6810
10240
3221
3470
1432
7553
4371
11904
10646
1133
6841
479
1005
7723
4211
9284
6075
3931
5783
3865
10395
915
9911
461
2254
7990
2005
1386
3454
10213
2706
7077
2457
1198
2648
11633
3968
7971
1532
6507
10928
3646
864
78
6266
10016
1817
5399
1523
9841
4017
10265
3507
1729
11919
3037
2661
10894
552
4269
3684
950
7998
209
130
7097
11838
1638
382
1581
3151
8256
10312
8318
6269
4969
345
865
9561
3964
7353
10622
7929
7288
8896
4224
11495
6986
2849
554
3116
7417
9264
586
9929
3439
3573
5509
7017
10490
10851
140
10604
6387
7796
7584
7841
5798
4500
1413
10302
6838
11757
9369
696
1129
1801
9616
3150
3965
824
3077
2513
3776
2489
3165
7745
6201
10888
5441
2315
9381
974
308
10880
5882
537
11792
8118
2804
2054
8772
2704
5118
9579
1761
6779
2167
6861
4360
5078
5558
2414
3
4068
250
5076
3413
9940
9723
9860
6377
3277
8431
478
9063
11473
574
9929
8999
11648
3303
3851
10199
6878
1000
11132
8602
10933
11192
2311
11064
11542
5875
844
9603
11369
4687
1106
407
5394
2380
289
8324
11373
8411
8913
120
6262
9255
2672
11762
250
10166
8699
259
1008
8632
6027
3359
219
8641
7188
10405
8260
7160
7311
3167
3031
3851
6977
4246
9510
10055
7305
850
7509
3480
346
5350
4403
6773
6852
10931
7282
1298
2821
999
4998
9967
1995
10714
9021
6825
3522
10050
2796
399
556
4303
8465
4410
352
9714
5348
5488
1695
3133
10544
10912
3073
5197
2214
2150
3009
4442
2892
8126
10311
1110
11101
9622
6713
4099
11049
9161
5542
8575
9945
8923
11441
11225
6628
4914
8111
8951
7766
635
3229
10999
6795
7822
2304
2095
6061
11677
10220
5110
10291
5067
2568
6097
1559
8731
625
10246
6354
8403
11872
10379
4114
3010
6520
6046
7796
6776
5294
7119
10552
10024
6984
6965
2553
2908
1876
888
10245
11026
7161
3424
9006
6021
2764
7447
5243
5804
8769
719
3345
11869
8728
7603
6720
9500
2616
3077
6315
4249
9060
5073
8563
5108
8666
9286
7596
3170
4938
4246
1888
10350
194
5335
9146
7845
1278
2798
1283
577
7601
2473
3794
9676
122
1051
8565
8390
4395
4112
8373
1411
7624
9027
10864
3622
8934
3995
9693
7648
9664
11086
4824
393
10434
1055
8665
8834
6154
7107
5710
873
2817
7383
2851
5967
5061
106
3230
445
4938
4727
2752
8146
216
7221
8861
5939
8730
11948
123
4146
7941
5983
6478
9596
3821
8846
1617
6200
543
6816
5090
8454
2181
4791
4053
5144
9741
1647
11462
5807
1318
3567
6600
3118
4028
9591
7438
6425
7594
2860
2189
4971
11074
11600
7760
8197
4203
1812
1429
8558
11164
1020
1160
7876
3346
5053
1338
1097
6751
7967
553
5589
1171
2646
6182
7760
4160
6436
11098
7792
4998
4362
6721
1654
6486
92
3948
7342
5400
5699
7152
3401
11737
9640
10471
6349
8680
6078
59
5435
1270
11692
10739
6492
8274
10636
8651
7245
2572
2085
1093
2457
4661
10029
6591
6689
1414
11537
4576
5185
6287
7677
8726
11583
9446
582
7014
4587
7086
10872
4990
6715
8269
7701
8573
405
11117
1158
801
6476
10033
3568
11568
4898
9881
10431
10229
2255
9611
11342
8319
8002
863
143
7244
797
2383
11914
11866
6667
6835
80
11343
4675
4705
8039
7325
11014
10475
6082
6840
5061
5068
280
4691
3005
9853
3175
10131
11955
5039
2670
4883
6287
7326
3510
2212
6061
11998
1026
5824
8882
11381
3531
10774
11464
4726
11840
10358
11399
1987
7810
5139
11294
3911
6653
793
8438
4999
5949
2370
7541
10580
9855
3887
1863
4149
7998
5812
1190
10542
8807
1039
3599
10192
6781
400
7868
5866
2241
5519
649
9731
2577
4003
11136
1450
11821
7507
1984
11287
559
9111
10645
9723
4816
6756
1986
1152
2427
161
1287
7529
2804
7658
10114
8569
4652
6813
10549
10248
6302
10530
11467
2787
6743
429
195
11182
4286
11901
1911
7558
11982
8118
5510
5270
4485
5600
4452
5579
6018
5577
213
7174
11395
3452
505
472
9780
5080
10267
778
1924
1365
766
6829
6082
1867
6710
153
11594
11613
3323
5851
10397
9271
10725
9035
3212
9108
9698
3167
7175
7835
7075
4847
8957
2465
8490
4350
4153
8768
9116
4350
7768
11648
7286
2682
4077
2986
9525
6920
10995
995
4515
4723
8240
2073
9947
10539
4194
11430
11914
2228
1282
8432
1701
10522
8030
6639
1281
5954
1661
6947
751
2040
8168
7028
191
7908
1215
1429
3073
10487
11113
8244
330
5580
4237
2166
5636
8716
5887
66
5142
8717
7501
5852
1126
3224
10491
8458
6443
170
5633
206
1622
10312
1055
2574
6680
5373
1277
4581
5359
6263
4617
3538
2516
7994
2454
4840
3787
10604
3424
2752
4388
4307
4556
3820
9068
8482
9716
8581
1741
11841
5379
3664
1200
9207
873
3163
2589
6829
8633
3327
8936
1006
7885
2177
3075
8032
10338
1544
1658
9053
5038
5347
9720
11467
1535
10572
4410
10776
7753
482
7
11588
11740
4981
11214
5551
8495
6858
9998
11478
4533
8816
6887
10781
7676
2718
627
11579
3753
11402
2503
11415
3474
4718
9381
5530
3677
5110
4681
982
11487
6085
4987
2639
11623
9369
9872
3154
8142
11301
5834
3554
10402
8219
9807
1894
6792
108
5759
2661
3037
7717
9297
11252
10410
4629
9887
9775
5164
2466
537
2834
7808
6397
6197
2653
9549
3603
9101
3
3303
11101
1484
898
10132
7497
5781
2857
752
1828
1384
10773
8032
3491
9472
11030
9874
2628
9141
1493
8920
1967
1238
6356
1779
7153
784
4538
194
7040
4771
465
7652
10214
5390
10525
7375
5156
7367
3328
5459
11024
2093
1196
8134
7933
10646
11817
10662
3931
8530
1069
1399
10493
11135
324
9809
11445
6377
281
3936
5618
1930
6489
2962
1338
662
11202
1835
5014
5575
62
3864
643
8516
8330
7333
9971
7352
5989
5757
2311
4036
8051
2380
8737
9141
7714
7809
7362
4942
7775
9390
8881
7031
11799
8031
8295
9681
11027
4564
7958
10848
9863
3637
10576
671
8011
4257
761
10772
8921
6748
11985
4340
223
9761
4471
3220
4141
2373
6628
9640
4632
2956
1979
11163
11097
6590
11417
5703
11994
8253
6709
1038
1527
1834
7788
6325
8839
11218
11206
9462
9692
9243
6496
3927
7687
7345
4807
3867
7324
8941
2236
2680
9019
1364
8691
283
262
10230
7933
7467
1573
8521
7586
4398
10801
569
1460
4346
2501
4246
8458
5086
8783
9292
4608
7191
9928
11646
3457
580
1519
8963
1086
8179
7477
3213
1424
4448
3552
4315
3359
8800
7289
4217
7259
5549
6319
1675
5121
11060
1097
8144
11439
3148
10773
10804
3187
7542
3894
1667
6996
1350
8983
6072
11623
10
5743
3515
6240
6039
7795
4901
5884
7221
10282
704
8521
10469
10567
4375
1788
1604
5461
4521
5345
6718
8042
11961
9088
5509
3068
7707
4122
3139
8411
1251
10469
4667
10580
11239
6852
6998
7596
10656
11752
11548
5894
4159
3043
6470
7816
5953
8102
2286
488
10841
3164
1166
3469
6643
2041
5850
3544
11142
9920
1355
393
7001
8066
3110
2596
9853
7646
3055
5534
5773
5652
4502
7239
6860
5138
9182
11086
5418
9463
5939
1457
6461
2184
1893
133
840
8545
5653
1099
3226
5120
2339
3861
4506
9310
3628
8072
4866
3690
8963
3359
1892
107
4314
3777
11485
4523
4526
82
10174
6170
10273
7355
5679
3506
9056
6008
8073
10742
9443
11268
10883
10367
2845
7538
11806
1186
9694
5782
2374
1746
2719
8196
11021
5859
9331
6887
10397
6080
1705
6156
9685
2554
11231
5202
1776
10555
1304
5664
11810
2315
11287
8419
5493
7471
8516
8385
10958
3406
2815
4823
2602
8281
4806
5737
9443
5252
5617
2443
3945
616
5176
8245
147
11120
11352
1374
10055
6590
4509
6969
2884
11371
3900
11827
6694
7678
7367
5054
10214
2048
393
5434
8445
8477
4416
8448
646
622
1564
2389
9755
10631
1633
11826
157
11676
7115
7931
5886
7221
7491
6784
7917
6324
2753
6745
9172
2928
6268
6336
1178
6188
8580
10822
1011
8247
8682
10763
9237
5688
5497
3311
3018
7071
9990
10866
9374
9475
3306
7934
9754
7918
752
7668
725
8788
1173
486
8449
4117
10420
6609
2984
11542
2129
5987
2166
7244
10908
7284
5853
3930
6273
8012
3790
9097
2355
765
6191
353
6363
7777
7293
6519
6210
1567
8753
5460
453
9491
5685
10360
5837
288
1455
3097
3255
11546
8078
10872
9803
1984
3091
5981
4895
2087
11280
6841
8020
6317
8407
10864
8739
8506
4336
4746
1921
4527
6476
7005
6955
1399
3461
5249
4830
11276
11279
8754
7486
8555
9755
9299
7707
8402
10417
2013
1111
5496
1141
7173
4432
4645
4888
9410
253
4145
955
718
5815
10382
3829
1949
8216
8135
4582
4120
10482
5408
9168
11960
8523
10338
4592
7471
11824
4841
4086
1124
7026
7141
9775
10461
3181
7161
10239
391
6449
7021
4506
8460
6428
7455
5620
9559
54
1969
1862
8311
8131
9907
2034
11346
2090
5305
10916
10118
2450
573
8064
1725
3698
10434
5610
2327
6975
508
2470
1331
9948
4087
9667
8411
4628
10265
9949
3732
4675
2603
6921
10426
7851
7827
2157
11364
4795
10784
1519
9770
210
9034
9940
922
8754
9879
3403
8421
5623
10517
7669
11020
6806
246
5487
8944
10348
10215
9626
7886
7776
7235
9976
2592
5931
3508
5346
3924
3981
9836
8217
1769
4279
23
11848
6911
2986
6641
1531
8168
11017
1147
7660
4647
5868
4677
9427
2872
6315
1300
8586
839
6649
7640
2635
11730
9359
7021
8111
1031
6584
11085
1377
2279
5619
10906
381
6358
3966
3121
6283
7542
11106
4443
6681
3940
7126
8157
8400
10963
10784
8804
5314
5702
1291
10241
3692
5804
3296
9619
3832
10422
6988
3544
468
9297
3206
8806
3518
6789
10643
533
11153
6821
10886
1478
5048
6302
7070
11388
10819
8446
11262
994
3256
1762
507
11184
3916
7097
5564
10185
5927
2196
5880
10433
7607
2666
11267
7813
6529
9975
10952
11476
3133
7352
4373
10309
11821
945
7046
8315
5634
10533
9246
7829
240
7373
7015
10413
9845
4460
4120
8682
2016
10467
8107
2008
4092
7088
9498
9174
2902
319
4419
3505
8008
9309
9587
8917
473
33
614
8461
8382
4917
7949
2647
4894
9834
5552
4741
6581
581
5540
2602
7096
9979
11527
3386
9956
2133
4309
4499
261
8247
3769
1713
6646
458
10530
5167
11564
811
11900
2240
2224
7298
3029
2878
8064
6287
1979
7932
7583
2246
2498
10419
11701
11762
10871
1361
2499
3253
9045
5958
5278
8586
3529
2299
10292
7920
10170
1750
6397
10747
4949
1288
1991
11884
325
5730
5230
11598
5390
1764
11457
1597
4250
2028
5074
5756
4593
10242
5843
1792
3218
7476
11596
1956
11633
9143
6861
8926
2416
136
11699
3664
89
9787
1226
4907
583
10899
9928
9240
1209
10113
9749
8399
10108
207
1338
2456
4729
8663
3465
3999
2739
8941
2745
3162
25
1382
6233
586
7107
7518
3276
10886
1279
10785
6227
5135
11188
10261
10162
1187
11308
8022
9745
1296
9926
5057
8659
5544
1750
11417
9744
1038
1149
7393
6062
8569
2274
11985
4542
648
11983
10768
8696
11363
10467
3521
1090
11384
891
4572
11828
798
1098
1777
252
2078
11578
5455
1413
11526
4421
275
503
2003
9849
3232
5606
2496
10169
5322
11473
3258
1669
1379
8942
4815
8944
7758
11754
1025
1548
11175
1128
4702
5649
3980
4404
8942
11440
5503
3361
368
10651
1815
2556
9926
5326
9413
2077
2604
5329
9748
8551
9726
1662
3424
11088
3868
1702
11093
5038
3504
8842
2685
5993
3684
6782
11627
3445
4746
3867
5976
5810
1139
5351
240
6243
789
11392
3643
3736
278
5809
1164
6438
2280
5300
8496
3968
5188
4789
3292
6692
8849
6015
4705
4492
8576
5186
11173
7525
4284
5680
772
8784
4640
9293
9210
981
1541
4405
3588
8321
18
7705
5605
9223
4839
11752
9659
839
11621
11663
1610
6435
11177
2605
4511
4259
7141
11516
10619
9494
8536
11639
361
5192
11043
10962
2655
1801
3103
1510
1064
11964
1821
1757
802
5716
2764
6991
2400
1053
9326
10548
7116
9998
7215
4167
6758
4905
7959
4498
2576
1696
9937
927
10237
3996
8530
9409
4612
6897
8383
7861
7239
9110
10572
4959
765
11742
9627
7781
580
2724
7916
4788
17
10168
9806
9011
8179
11442
3316
43
2345
7761
633
6633
360
8378
2927
111
2042
6160
11287
2852
4834
7438
428
11161
11355
7431
4966
653
7376
6394
11592
207
9984
8832
4423
7926
11282
2691
7089
3344
4988
9394
7750
8228
9614
8907
2344
11828
4653
4731
2731
1353
11321
9774
2208
4674
852
9515
7055
3890
1237
9703
5278
7461
9470
6019
4679
10918
5050
10714
11634
11984
5403
8174
11648
7046
1249
3711
4808
2449
11729
1538
3654
9937
1119
11012
1777
878
5542
2617
4659
500
8830
5055
3764
11392
2042
3940
2840
4934
8645
11216
7669
10040
9399
6343
11186
8770
9337
9641
901
9859
5950
6841
5026
10107
10804
10030
9431
5829
10277
5547
11799
6205
988
4291
7836
3387
5703
2039
7335
10595
10099
8978
7167
1191
11770
2602
7986
8902
211
4439
3399
5787
10221
2772
6865
4535
7292
610
287
2856
58
8595
5510
8414
7665
6351
11416
4733
3214
7026
11269
9927
4016
6264
9239
8828
1368
2901
5692
5256
930
3911
7905
4664
3489
2883
242
6284
11051
1357
1671
2179
2610
9819
10611
4210
7879
3944
11698
8969
3418
9927
11938
9090
8276
10245
5018
7145
5182
10234
232
1428
2710
10090
4486
7478
7577
6684
300
7044
6295
4611
3500
9503
1950
6345
7456
5327
2662
5217
10285
11245
9568
2123
9332
8110
11730
7414
9552
11259
3402
5429
9081
1283
11389
10401
4316
8630
8998
5190
10262
8359
10186
372
3671
9629
10966
655
10703
10129
7015
10423
5325
4677
2646
6398
7656
9609
8897
1005
686
2310
3505
2946
7520
6432
4864
3839
9304
5790
3786
1461
438
7861
1028
3214
8450
1060
2987
9885
7073
2592
8850
3586
10650
3702
11694
2976
7837
6534
1668
3412
4951
11565
9322
1667
11901
4713
1548
6130
8736
748
9319
10148
10251
496
5474
10204
11855
9606
2366
6109
4114
2288
2940
7173
5909
10432
7131
2567
3037
8891
4004
7606
6450
3525
5113
10688
9906
9674
11820
9898
2909
3279
7139
30
1229
6760
8717
9821
2042
8986
10042
3642
9961
9362
3877
7761
9708
8011
1081
2410
1162
1469
1634
9552
2744
2031
2644
6112
1810
7049
4463
7836
5772
1987
8784
7567
1034
7923
11694
5870
6701
437
4123
5327
4094
507
2008
4701
11746
4971
6699
5316
2379
579
10755
9627
3739
3369
7261
10846
8746
243
8130
6874
2557
10170
4605
1432
10467
4265
7286
8407
9429
11322
3459
11832
7108
11959
6396
1792
3948
10588
489
5710
3623
5779
7727
5040
9574
374
10958
9388
11959
10810
11778
9345
6420
6667
11594
2062
9475
4304
7514
3649
1124
726
2213
9935
9469
9461
6760
1945
2609
1231
7637
2673
6110
2603
5783
9250
3507
9539
459
9626
3073
9933
127
9156
10076
11722
4207
196
2169
5026
1740
10899
10377
8072
3437
11827
11275
1255
10430
4853
1524
9731
10327
3991
1850
4298
2715
2381
7800
5116
4291
11626
1354
8907
4107
2951
435
9834
4189
10422
4837
11118
1867
10458
4846
4721
7647
1399
5021
10060
10296
7657
129
1719
3068
9189
11158
546
3584
4643
10610
225
10853
3426
1968
8616
10303
4285
242
7613
5397
7715
950
9194
6536
6547
11654
578
4397
3539
9361
46
3752
8614
10635
6998
3022
7579
3164
5203
10413
8748
3870
10960
9495
7834
11244
17
5407
787
4709
10638
9626
10987
7177
5031
4326
9225
768
9699
2851
418
9866
10826
2653
1768
8164
1887
3323
3304
11330
11024
2887
11329
180
11488
10591
212
935
3618
11671
10333
5155
3309
5430
1622
10395
3795
3955
7303
11393
6892
5361
6791
10789
6423
10260
10616
3891
10582
1403
7380
11953
7393
6056
11356
4694
161
8612
9278
9486
3960
5350
8204
3642
3706
9951
1025
3703
5273
7477
4267
5351
7331
8038
4283
5824
3264
1183
4772
1176
5509
6318
8735
9686
1059
5029
11558
2001
8625
8203
4890
6282
7095
6157
1268
6612
1442
5739
7164
1433
2105
10483
9193
11474
5153
4328
10688
11872
9150
346
11646
2701
2681
1068
8259
6042
3860
6676
10838
6021
5911
5255
4849
10925
5070
1704
9140
9522
6519
578
6107
9162
5013
5296
6663
8987
11069
3584
8259
9796
1242
8921
3096
8608
4054
3929
7840
6912
11457
8328
11692
4882
9557
6979
4684
11486
3404
6963
345
8483
5183
6312
10576
8720
11030
11179
1691
5896
8963
4645
6999
8190
3040
5283
1113
5635
2880
765
2413
9074
9065
5473
6624
4815
7702
6982
6448
5769
3573
6702
11499
2895
2781
8663
5477
6207
10732
11523
7630
376
11507
8404
2960
2137
8362
8962
6477
7254
4064
366
11000
1700
4179
2461
3569
5034
4196
11338
2511
9577
484
8947
5465
1086
9618
62
4456
11004
10470
2056
1099
5154
10758
9387
11530
6971
4327
3587
2428
807
11520
8762
2749
6880
2313
2196
6309
11628
6708
7667
10353
7964
6963
5420
8529
4945
5804
3473
1432
5778
9599
6038
11897
2901
3767
2323
7726
11037
9334
6839
9336
5641
6525
6551
5987
3118
9721
10841
9889
6442
5823
9206
2354
5508
9227
6998
10562
9563
5121
3211
9145
3504
4706
8458
11919
613
9187
3725
1493
3457
6043
11400
10366
2248
1075
1224
4254
7858
3132
9513
11036
2973
5158
5882
6594
7566
9372
10153
190
5865
1871
10773
4696
11471
8847
1236
11079
3002
2872
4457
7992
4888
9356
898
150
8399
10245
10488
3349
6985
10482
984
9578
9246
6459
2389
6639
4534
10852
2408
2968
10253
4735
1655
10095
10291
1768
7424
223
881
487
9312
8892
5285
5394
4862
453
2280
3532
590
5374
7345
2640
11386
862
5706
9712
11265
336
7118
6953
6786
2536
1233
1623
11187
7795
7916
3146
399
5054
10551
11115
7583
666
663
1483
668
6838
4634
3227
7642
9776
8249
4145
10896
7171
10108
4245
954
1608
582
8283
9252
8798
3066
11539
5345
3246
649
4812
6073
11041
8187
5856
6644
9887
8861
7132
10489
10338
7893
5757
9945
5388
11994
2929
5449
4141
1394
10837
2898
9246
10026
1245
9173
9083
4391
7425
6584
6429
9155
1982
4077
11341
11227
9441
8516
3509
4295
6010
9242
10122
4313
2048
7312
1477
1361
7052
11434
6183
2593
6816
5596
2697
630
5524
756
6317
11867
10028
6660
4405
9468
3493
11977
9720
6755
2827
1447
6176
11732
2932
3542
5163
5116
876
7396
1782
4146
8431
9385
10895
10694
10176
7685
867
8934
2558
5510
189
10811
4744
2449
8853
11011
9028
4457
2467
2892
8816
2484
4501
11042
1836
5648
909
2625
7228
3008
5560
4651
9572
8692
6486
1542
10673
2016
3907
1080
11032
11682
7320
834
5486
10782
10617
5600
1345
3532
11313
11179
647
7048
10368
965
10767
10410
6946
7399
3650
447
11627
2211
5299
7291
6188
9724
11933
10723
10006
10095
9343
712
428
10479
1527
2257
9246
3465
1517
3739
11349
7966
5610
1504
7221
5871
1850
11224
1668
4368
6609
2823
1399
698
3485
2371
1681
7450
4558
3299
11184
133
5092
688
6503
6852
3365
6074
9539
251
7151
8340
5943
6797
7648
2745
7358
1521
6282
6977
7948
7979
5845
8378
8946
1037
782
4066
3506
2443
2236
9675
4088
9753
11562
10786
3965
265
7571
1849
9089
7037
5625
8517
8664
1799
8964
4754
4223
11831
8300
11997
3800
318
2728
11813
2018
8713
9354
4158
480
6832
8838
8286
3786
10167
3194
721
2842
7873
652
6449
820
11345
2318
1576
4188
10068
10624
189
11701
4629
10171
9003
4053
4263
3614
8611
6102
8287
2599
7776
6125
9025
526
9153
552
6511
6074
9204
7930
8304
1901
7807
2539
1150
3839
144
8229
9053
8167
4951
10408
6423
4166
1053
1016
3605
4197
2363
3457
905
7893
8094
72
8608
6864
7949
3669
10105
11408
5379
8965
7301
1253
9751
5471
3900
4257
8370
10447
8945
2206
1759
4987
4159
7548
6496
4145
10199
867
3091
3162
8814
10310
32
4491
6228
2918
3083
4213
1710
3
5283
9792
10359
8145
7828
9807
8517
10335
1117
4372
8066
35
6725
400
5983
4542
8917
10713
2088
5068
4573
6154
10866
3354
8956
7503
8475
8363
3767
853
5798
5754
11290
528
10360
7363
4127
3243
10412
9753
2175
8320
11252
8237
6929
5220
9002
11327
6089
3475
8651
649
664
9276
1036
6696
2370
9597
11777
9586
5090
4640
11805
2114
2558
4738
2208
1905
1102
2528
11503
2349
9446
5309
3239
4283
8992
1924
6049
5
1921
11343
6731
220
4626
315
1935
2894
8627
1050
1278
4798
2099
10801
6397
7585
485
9593
472
10838
10401
2001
11218
10341
7150
5982
9056
7146
6651
4188
7441
5594
1411
5044
11776
8511
11446
4051
9314
9134
10618
2348
735
4132
6866
9532
8734
2189
5155
7044
16
10142
4684
9140
511
7561
5027
6520
1402
6898
11333
9177
5743
7995
8588
11798
3975
723
11165
11295
11584
7952
10475
11599
5392
8755
8564
11792
725
2955
6782
1993
11637
8578
4452
11098
6877
7683
8529
9560
3044
5323
1727
839
3528
8982
3468
4974
1396
11889
5198
6930
320
969
1273
2949
1879
4966
8545
6094
4300
10399
168
11454
4704
6537
11870
4254
10355
11459
4025
118
194
11518
8366
4202
8141
4181
5999
773
4120
1222
1664
962
7783
5622
1725
11
3089
9310
10410
2298
5658
5999
2146
6722
8796
5896
7588
2751
6547
4942
6998
8503
2902
4497
9187
10660
5457
6047
11013
1884
1377
7478
1706
2559
3420
6892
9884
8272
2073
8677
1083
6409
2542
682
33
2547
2332
10877
10571
2039
627
8722
5243
8234
436
6803
8121
2268
8649
9849
10173
4155
5690
7306
814
9090
9384
8034
7837
10513
920
11409
6891
10360
6493
2303
11078
5297
8217
7896
8919
5419
4355
10155
1069
8961
3680
5107
8657
3043
1942
10644
4922
6263
6001
4606
5153
10171
3042
310
5413
1229
6648
5408
8630
8815
113
10122
906
125
469
8426
1690
5585
84
6592
8498
8382
6507
5816
2418
1243
7382
11265
10438
10383
7817
2884
2885
6712
2489
7721
2876
52
6087
3238
3644
6957
5328
285
8979
1141
5865
10846
7732
5171
3777
3611
5459
7159
10177
9679
8740
6673
10591
9297
2573
1850
4340
4609
10494
8955
11057
2729
4625
8157
3769
6235
10903
7281
10651
10313
1033
8577
4570
1300
5497
4286
11014
4248
8996
2840
2716
1390
9238
2967
9534
11058
11812
3834
10610
1564
2108
1515
827
5000
11894
3690
2815
7606
7064
11389
9437
10567
534
4954
1778
5553
7872
3066
6007
1225
9459
10773
1309
2199
5389
10892
6276
580
4214
3003
4634
4208
9830
7432
7148
3122
6450
181
818
10539
9564
779
5154
6743
7127
2254
6350
11844
8001
7211
9613
8185
3708
4024
1682
5511
7101
10629
1752
7592
5370
10195
3532
2024
11051
11202
10134
11346
9296
11966
734
1308
6675
4645
7640
1345
2082
8087
444
4741
109
529
10339
9914
7311
301
2490
11495
285
11077
5517
10492
11344
4079
10666
10882
10785
4831
11191
9307
10367
10598
764
9379
10595
2662
8364
6168
4746
6855
8160
2000
3328
4482
6362
11582
9744
7864
8705
4686
1437
2138
518
10339
10628
9834
1778
3386
6987
871
4518
4762
9226
4274
11249
2513
5508
10785
6686
9775
11991
3923
11171
10421
4517
8724
2534
6966
4588
10445
2001
6598
7207
6017
6851
11825
9085
805
10133
10241
6880
466
11626
3319
10773
247
2542
873
6671
2036
3126
7983
663
787
11362
8695
93
647
10402
9684
10730
3172
10143
11322
6970
11508
4520
7258
9908
7182
10646
8596
10278
393
10844
5164
11933
6244
11914
2130
2477
10306
7620
1337
5034
9245
465
5270
4850
9926
3206
3423
560
7479
11371
8134
10408
7290
3206
11546
8559
11658
11026
5407
7910
3107
1833
4793
3362
10888
1422
5567
7537
9138
2780
7600
5246
8555
4701
3201
3782
55
5906
3174
11178
5028
9786
7101
6080
6221
7023
4168
2723
4102
1910
3793
6744
5783
1101
5744
10148
3108
6812
3186
10751
9527
6163
5219
10766
1615
408
4006
2913
2900
8184
11456
6580
6628
5743
7687
6994
629
6281
6168
5259
3230
6002
8386
10314
4356
4509
2328
3501
6571
1391
9813
10382
4708
3525
11822
2829
2123
685
2523
11117
4232
457
1548
6868
4148
5231
6354
3187
4609
8250
4123
144
9268
10204
9690
2040
573
785
355
7462
9082
2925
202
4131
1955
5086
9685
11895
748
1027
8762
940
277
895
11729
4446
9441
8263
7176
1295
3309
10919
9130
9430
7618
8760
7438
3556
24
37
4871
4598
3018
3521
5143
6213
9369
8795
6220
6089
6299
11959
763
4435
9256
1424
2491
3218
258
259
11437
7128
1228
3756
10786
7182
11536
1386
944
4032
1195
5266
10881
700
4735
10514
6566
7427
1669
2584
1452
10659
5889
10675
456
7972
1926
741
4787
787
1168
6440
10236
11243
1510
7477
6165
4438
11787
6415
6461
497
11506
10872
9086
8486
4994
6352
3646
10233
8995
5638
6504
2419
106
3674
8507
6071
3130
4330
7250
9660
11476
5206
4101
1521
232
8799
7805
5154
1322
4923
5534
5168
6351
4169
6611
10295
6371
7488
9910
6826
4687
4651
5070
11203
5183
8399
2178
10224
4330
3467
2426
9435
8136
531
1584
2742
7703
6209
6681
1151
2946
7875
4360
7768
11150
5901
2734
7790
3681
6260
5339
8211
90
1090
1903
8308
10159
1869
8186
719
11160
5237
9
10015
11677
1343
8877
11153
749
10721
10191
6068
3980
6257
135
856
6384
5746
3618
2659
3396
11783
11481
4275
10343
1456
2290
1950
9054
4321
10552
1465
9961
5541
7067
9795
11116
3914
10404
4049
10017
1637
11133
8308
1932
8214
10423
8149
3641
8833
4043
4309
10058
9833
1546
10864
11167
10548
6535
3709
34
9844
5462
1817
9328
1111
11270
4869
11877
1245
440
344
6254
5316
7687
10990
5168
7187
9494
7843
4661
1250
8133
4568
3700
9736
5523
11853
6665
3719
7441
9980
11581
4013
11120
1396
653
4525
3128
1226
2709
7459
5711
4146
5616
8926
2396
2897
574
1047
11697
2942
11373
2562
5088
3384
4268
10252
2272
224
4112
10146
2785
10420
11655
8534
8601
9919
5667
2208
1217
5950
9605
1174
2995
11331
9947
9213
4147
4424
8231
2238
1801
10581
2943
1315
7917
1526
7031
4462
6645
10142
3748
7083
10808
11401
11868
8868
5712
2018
6983
11456
8409
9416
8716
3906
7735
7115
10079
4258
9149
8531
7076
2907
361
6346
11818
1552
11162
8281
5003
11658
3577
8021
3571
9129
4681
2454
6652
4883
7843
7069
1638
8437
7103
6495
10274
5445
9640
2634
4123
243
8912
8687
7573
3045
69
3607
10762
324
11637
4151
2362
4224
5201
2608
7129
4489
6003
9726
11425
4476
3824
10011
9639
3213
5456
8750
1509
243
7292
2513
6765
9210
1234
5821
7385
5619
1108
3833
6908
4204
8151
2557
6869
5531
2949
2052
10317
2232
1265
8420
7755
8223
2781
11177
1502
9744
2614
11635
563
2807
9751
11442
1555
1821
4179
6277
10034
2716
1508
9921
6795
792
4244
6538
1279
10815
6660
9976
3163
10556
5343
6250
11538
9003
1992
5110
8799
6902
4943
694
5414
6077
5160
7749
4201
7126
1051
10753
10574
673
2507
6520
8410
5234
1914
4444
1768
7068
2684
557
10628
6049
7972
9891
153
6644
5738
10395
9697
10484
9255
8763
5788
2817
4351
3976
8862
11317
8385
6259
8259
217
4899
3354
8237
1732
10348
4644
11346
7925
10988
4598
4394
1950
7225
6422
10646
1558
11165
6477
9505
4221
1043
8165
10081
10006
3453
2454
9444
3494
2916
9060
10209
3602
8392
9549
11296
8051
9652
1217
272
7550
1259
6599
9662
11413
10001
7784
880
3375
9135
5489
4212
5795
3713
9913
3274
214
9491
1873
11887
428
7572
2630
2080
743
1965
10951
8183
11038
1584
2658
9482
9523
4015
835
10938
1764
11498
2221
1718
6580
83
7078
7037
3842
10808
9906
3857
4001
8997
6863
1463
2320
444
10600
5732
6356
5225
10457
3120
1126
3285
3572
4994
10725
8705
2430
4832
7768
1695
4734
8183
5151
873
4220
5964
5973
5243
10131
3738
11295
11615
4558
9070
11564
6772
4702
7892
4091
4757
11336
8994
9855
8003
7377
11339
227
8816
1429
7849
7888
10839
2530
5626
10199
6652
4057
8291
5781
5536
6861
7168
7779
704
4183
516
6505
1923
7728
11829
1675
1481
3553
9398
6373
8830
4000
7968
9178
1981
3875
7180
7546
1914
11470
10899
10597
3706
3710
4170
851
7037
5855
656
2285
6947
7618
8826
2209
9374
7470
8017
5040
1014
1097
7678
956
1430
10582
8676
7684
5083
3880
10499
5387
6132
3515
8517
8623
9316
5112
5151
1778
10156
4555
9888
9175
4950
6975
5520
6216
9689
5675
7807
7469
7017
10298
6974
7518
1771
7166
18
8707
358
6702
2752
10540
9407
5184
9832
10595
6612
8826
1724
8170
3598
1286
3644
9725
4856
9176
2917
1306
8503
9992
8091
5722
5554
1156
5262
9119
6853
7410
2730
6940
4503
6818
1953
2877
9837
6994
7194
8506
2433
10871
7864
11668
10592
7460
4716
518
2944
3522
3425
3263
11499
4921
6972
7185
447
1668
5402
10480
6439
276
4142
4700
8782
4997
9977
4281
6188
7914
3126
663
4175
2547
572
1951
6120
2766
11829
8830
7239
4271
11832
1630
2393
9763
10433
3998
3635
3145
4172
9496
9788
2734
1598
4816
6128
4378
2345
8899
1369
2815
6487
3324
11654
9262
6418
11757
5148
1378
8552
3010
6111
209
2597
11478
7910
7567
6001
10193
4522
542
8319
7742
3382
7460
877
6510
9255
9542
5032
411
8917
8916
7643
5332
11955
347
11087
8880
9860
1149
11224
9877
11888
3229
10152
8160
9767
9086
11422
5833
2339
11780
5599
11993
7659
5534
5607
4287
11755
4581
6247
8290
2473
11234
4630
9754
1291
5893
3914
7198
7879
7812
11868
7096
11458
3898
6184
9081
3650
11716
6319
4148
5498
4068
10820
2727
4743
142
9683
1824
210
6185
3231
11061
266
7035
8331
6516
9862
8564
1439
672
9510
2179
8108
10573
3873
2038
7937
2454
1202
9454
10871
1671
9944
3234
6883
1644
1173
11273
4687
4853
5296
11702
4051
10565
8596
5283
2633
8042
9701
6427
1941
8366
3962
6342
89
8839
4957
4297
9498
11065
10995
5842
11471
3377
4515
2042
8831
10174
9636
11419
2308
5048
11888
10222
8389
1221
4303
5087
3606
3889
5536
6776
2983
2453
2580
8867
2396
8435
6911
723
93
3030
10516
5919
9402
2813
3297
3521
10884
10988
9694
8272
11755
2913
4161
8646
3340
2287
4263
1153
1662
2385
8648
10954
9955
7233
1078
998
10967
10300
915
4342
9383
9564
5144
11170
498
1245
8975
7284
8487
8512
7518
10429
8175
9672
1706
765
10201
9121
5857
4230
2727
3264
1719
2179
11618
9135
4766
3859
9014
1159
2742
9726
11750
5734
6133
5471
5821
5787
3193
10859
11354
436
2616
8084
77
4147
2624
11329
2264
7444
2456
4563
408
9304
2694
8368
6646
1739
8783
2642
11946
7909
9354
2570
1596
10230
11592
4046
9318
6539
11910
2008
11507
233
5566
4735
3747
653
1640
11123
5614
2601
1901
10338
11165
4962
11631
11959
9172
9784
5326
3819
7277
11003
6510
8271
11636
8119
2464
9410
6495
4725
5749
2053
2319
2659
10743
3873
8659
11882
11203
3043
10917
3824
11985
5136
4469
10014
8561
6739
9324
8176
5882
11333
5552
4839
3376
11494
2183
8610
1508
6319
8089
7830
7361
4202
564
273
8052
10694
5906
2785
1594
3170
8211
11491
4927
4379
3981
4188
2340
9668
8776
3
6457
5799
10262
1150
10127
10750
5452
9817
3280
7722
10725
3737
9775
10870
11450
2948
9657
785
7606
3470
33
841
707
7390
4861
6778
11716
10806
10511
3696
11284
1551
3808
10708
2760
11387
6551
3972
8846
2517
3110
7708
6594
9863
5754
2002
8668
380
7715
11835
9328
9077
780
5728
9574
7979
10313
8787
7206
3411
6148
3598
4234
6307
2671
5616
2183
8101
9659
1087
9249
917
5087
9456
8118
5292
8153
2405
1435
11604
7101
10323
3506
2669
10244
1907
9737
651
3677
10047
9676
7417
11722
4790
3184
11974
1994
10356
8368
9340
283
3593
10324
4410
9036
8183
3614
9920
1271
8065
8535
5496
1142
1229
7858
5123
11088
937
667
2992
11706
9840
11207
733
3952
7159
3406
2487
8167
4226
7768
10028
8693
11128
10800
10341
500
1094
11970
10584
3212
11471
11362
4298
10348
8724
804
8011
1331
1930
8176
5045
979
6533
8905
9410
1662
5881
6427
5020
3249
4194
6373
357
11190
7046
7768
5765
3722
335
8302
10203
11233
5944
5963
10122
4138
11873
3886
5486
462
2630
5208
10571
4395
32
4069
2268
633
9251
1575
6000
205
2098
5629
11169
9718
6996
2975
10213
5621
934
8632
7912
10104
4960
10084
6461
5578
3332
11179
5176
10537
1481
3634
9309
10643
9230
4360
4542
7464
11504
10524
2116
5132
841
5352
6344
6470
2491
115
1450
2778
11758
1553
6202
7463
4468
1207
10705
7103
3054
5717
6063
4283
2709
5045
240
685
8453
4968
10514
4421
4639
2828
6335
6488
5594
9646
6189
5493
3485
5122
240
3411
5457
2894
9055
171
8225
1602
9648
9253
2977
2909
3374
214
389
2541
5850
11244
10913
8778
7148
1298
5248
6476
8908
3327
5992
11826
9824
5291
11944
5463
2104
8361
3416
5390
11079
3670
8110
10360
6004
2403
10735
953
8467
8730
1522
9531
5389
9273
11155
1543
730
6272
331
5426
1387
527
9337
6331
4564
6432
10424
433
8085
7066
7705
3352
1645
332
3455
10441
7917
11493
345
6260
11717
5218
4112
7517
3131
9442
2509
2047
10506
11754
4131
8151
3636
7022
4792
3644
2314
10154
1641
10445
10508
549
8025
8330
8032
10824
11367
2715
9470
11755
9920
1865
8400
2166
2235
4897
3642
2619
9538
7276
5312
7247
9950
11183
9840
1026
2589
211
6950
7969
3052
5325
5740
3392
3658
7787
9548
451
8049
7013
10203
3448
2356
2851
3587
4265
6117
2749
2035
7348
3481
584
11219
7205
4975
1653
9517
6276
4218
11356
8706
10270
8423
3604
9959
720
4420
10762
10680
4524
5130
6155
1618
5588
5037
6765
8025
2510
5208
11631
1237
4328
714
10865
6164
9883
107
10839
11532
3249
11632
11201
5561
5936
402
6813
5905
4182
10607
538
9226
4709
8987
1006
4695
4677
536
7033
1023
7316
6252
11367
8247
5901
8192
6711
9590
7194
2780
2702
11109
11403
3443
7584
3630
8939
2102
8772
651
2925
7941
10320
3431
382
7067
8515
2403
2432
308
9385
4346
610
2368
9848
9399
8522
7895
9595
7078
9569
4786
5436
7838
6399
10130
11977
8545
11945
11667
7886
2360
1585
1527
9884
2126
10988
5213
2754
7211
6520
1397
3263
3090
10951
5121
8818
8624
8246
4286
6024
9991
1803
9100
6006
2694
8340
222
402
7842
2922
11846
10438
45
1259
4797
11263
1862
9392
7990
2967
11598
283
6127
8251
1580
11620
7592
8670
8713
7209
2753
6720
10104
9922
11705
3693
10042
4993
9515
9353
4354
8750
6573
880
6339
7491
7459
9405
3050
2237
2004
8608
1567
11474
8808
3480
10251
1740
10459
4240
7576
11106
3062
775
9245
3028
10415
6637
651
10027
9259
6709
4589
9818
540
11130
7246
5244
6448
9845
5092
5304
2233
9388
9160
3982
9432
4057
11534
6373
3068
7598
9504
5669
7806
8833
3929
2162
4700
7379
3710
4235
5360
5656
10125
1634
5767
857
10910
8894
3875
11371
4525
9856
5347
10315
11963
568
6371
8477
745
7626
7510
1840
3434
8156
9852
7245
8997
154
10511
9406
7831
11777
8584
1602
11991
11434
3178
4785
3374
7196
7976
3693
8153
4
6030
11739
3618
4591
4081
9042
5974
10760
5687
5886
4207
1821
6790
11245
251
4484
6101
8691
9069
11395
7750
8099
52
9779
3178
6976
3344
7276
1061
4110
1185
9060
4312
4393
7345
8739
11797
5280
2966
5291
1396
10267
831
5403
6388
5114
4091
11133
852
2238
1927
6656
5932
11756
11408
5168
1224
10129
11948
9606
6465
1179
2372
10888
3885
3438
8438
6763
9232
8363
1010
1100
1400
11921
3744
1601
11033
7353
10153
5438
11100
11627
9377
3176
11660
2159
1761
9639
8402
11869
1495
9982
2490
9384
2143
6264
1432
1505
9792
8204
11279
521
11831
7535
11501
3985
11075
557
5185
6844
6942
1953
2956
1548
7860
854
9114
4792
7824
7377
995
8043
3248
4510
7368
6800
11744
4232
2949
8738
6401
8125
3707
5470
9464
3519
11611
4590
1901
10336
5828
10025
8477
3299
6132
5359
11305
1099
3329
8951
686
10318
5068
11014
6172
9585
11196
7765
7367
6454
7072
11836
10883
7839
1867
5815
1157
6653
5833
4652
4520
10405
7915
7049
11916
10022
2767
1614
2140
5064
8391
6661
6217
8755
4031
10950
2705
869
6892
6545
9300
6573
3397
8097
9979
2644
4381
7482
5245
1323
3534
2664
11700
117
4816
963
6202
9446
11248
9617
9305
2873
2636
10599
442
8945
5222
118
1514
11276
145
8007
8052
4560
9808
6462
8075
8550
9848
11129
8042
1806
3414
6493
6948
2189
11775
3869
7697
3532
5036
7954
9256
1853
6852
3008
11936
1709
1474
179
7263
3943
10364
1279
1493
79
4799
7557
1707
8010
543
10563
7727
10374
4585
2167
5773
9182
8350
92
2817
3733
2489
49
9988
9767
9475
7618
11203
6046
7697
8483
3367
224
2621
8427
10998
835
6800
10734
5079
6652
1114
6163
1230
2399
8644
9675
3941
4981
3870
8351
1672
4846
3689
10698
6038
9039
2788
8559
7071
7731
4442
7351
9761
6660
2611
4114
4568
9933
499
117
6565
9007
8283
9294
10122
10462
745
9753
742
1279
9879
2923
10699
9870
2262
1612
8501
5990
10127
4284
2073
8924
4486
382
11657
4964
10591
6274
2985
4228
10169
5644
232
9240
7543
1725
1494
7454
5679
5681
1252
5054
3586
5817
8300
9862
207
5966
6039
11066
8069
4486
10836
8776
2400
3740
11307
4999
2334
1779
8934
11692
7988
11111
8344
8885
4858
6051
3855
8685
2940
4077
9591
1052
2317
1933
7481
2790
1717
1935
896
10066
7641
6012
9466
11031
11125
4444
10765
4762
5081
7107
11148
11757
5368
9209
10876
1568
1365
3103
10008
8987
808
10688
1187
9264
8962
1241
1485
3394
10002
5243
11910
10378
6513
7786
7938
10634
5543
5663
9650
1361
8484
5
3541
6679
3277
11577
10026
8743
7072
8377
2942
6821
5416
5181
6038
1410
8424
7941
8434
8033
3117
8701
8516
6204
4202
4726
5477
7339
1057
3012
5905
4997
10558
10168
7349
11888
5562
1836
1726
10421
9553
7441
8720
7382
4827
2939
2974
417
3068
4631
10959
10547
8785
8753
3770
6795
8267
8659
8953
10309
3163
11844
11561
7945
6632
8894
259
1346
11278
11639
10158
10898
5650
2360
8362
4703
4110
11855
8917
2902
3173
11480
6840
9111
2218
11018
6355
7679
7511
240
6259
9725
8019
1535
11497
4531
5296
5760
4556
11907
10002
7707
5256
11490
177
1113
8732
2763
3412
4119
3143
650
8379
4390
2645
4090
10948
2832
11590
889
8180
3875
2704
11390
6027
791
9202
2119
11352
4290
10250
10659
4171
9878
3229
10260
7612
10009
8429
3593
3032
11021
10546
5096
4135
4173
10365
10893
6641
794
7445
201
1159
9632
397
2335
404
1931
3537
11087
11759
8620
9217
5295
10396
8146
2063
4749
8800
5102
2670
10378
11497
4731
7897
2803
9150
706
11048
3831
3934
5307
7555
9358
4177
6160
4634
3426
4756
180
4501
1805
588
9166
8337
1460
3788
2707
4041
9709
6650
2620
3176
9562
8633
11106
1106
9948
5843
111
5437
6972
6249
6119
3227
5299
11002
4613
9284
4968
7650
11968
3984
8623
6969
7294
9630
11109
9286
10999
5249
5830
836
370
1062
3960
7646
9470
9488
9796
5790
2916
7612
7995
2620
2869
2453
8397
3637
5560
9178
1308
192
216
9536
8843
6038
6987
5391
3857
3979
5747
88
11472
1498
6165
4721
858
185
3416
5017
1183
10176
9226
5618
7046
3520
4628
11925
11683
3530
4910
3493
4446
6602
6636
9123
8706
887
9513
327
5345
2427
6
791
1394
9937
9237
8712
3118
430
10597
10595
1999
9240
2887
9110
8594
7681
8446
10041
9080
5763
2823
2142
634
9781
11018
10896
370
11518
11092
697
6587
993
3203
11929
8491
2316
2655
1646
3286
8155
7514
9308
7667
8729
10662
3981
4287
7923
4888
6922
2631
255
3636
11158
5989
11895
9526
1944
5891
6783
3565
6443
8327
9158
4179
7923
514
360
8751
1075
4697
10805
9316
692
617
11344
8388
6010
6807
11973
10583
11421
731
7962
6773
9080
5091
1941
11991
6067
4200
7345
2064
6333
8396
11852
5235
9561
11808
1055
11524
7374
9581
574
8588
11996
10781
1189
10155
9487
2723
6293
7763
1135
7358
74
667
10342
593
10328
6200
523
5090
11615
3676
91
4068
6775
11174
7502
2039
5347
68
8632
10165
6479
1147
4434
11056
3226
4466
10856
4351
6903
6810
3418
2300
217
7681
11661
5825
10444
9198
3803
6191
8711
9112
11542
9415
8723
9340
8797
5929
1839
2993
538
6783
9425
2835
10461
7798
1715
1409
11352
8607
5206
3796
11391
8392
9650
17
1418
4401
3236
1570
10387
952
6401
11378
8739
3659
8911
666
2391
9980
1497
5829
9267
4979
4292
9307
10021
2297
5669
10823
10637
6860
810
1025
10955
5739
7463
10645
8052
8822
8783
8743
502
1624
2056
11439
7110
2532
9298
9718
11643
208
3339
3458
9363
3613
5003
6829
1819
3258
9303
11467
3432
9794
1355
6581
10800
4950
1782
7211
7441
2082
868
5270
893
5236
4596
889
7584
631
11909
1729
5830
875
11143
7525
635
9968
4595
10072
5578
6282
3481
7186
3165
3256
1335
864
3421
3371
11963
8963
1289
2277
554
2135
4579
10580
11444
7620
9739
770
11163
6654
6667
8218
5142
8856
4036
9849
10300
6900
7300
343
2168
2084
8594
3118
11924
2139
1129
4311
5789
2662
2520
10204
4761
5034
1610
2185
467
487
3928
10341
1194
6204
5811
11176
725
2880
549
698
9616
2167
3531
1275
11878
2687
9453
5127
9797
3076
3058
3275
7678
5507
11655
7973
1831
11675
841
9308
8936
978
2423
4661
10179
3892
5378
3124
2135
6044
5081
3696
11378
4507
618
4249
4120
11113
7086
9765
8960
6293
1183
1193
5875
11047
8202
8608
2113
67
6683
11903
11466
5882
1550
1337
5655
2077
1453
8608
7169
3228
11344
6862
5840
4130
4979
11251
10854
9238
2084
2099
3567
2899
1326
8653
6652
10101
5047
654
11533
3819
10869
5609
4969
8957
6825
5618
6852
6007
6602
5065
2874
6170
11741
7167
11742
1614
4353
1565
6933
5866
8921
6645
9754
2039
11174
5128
7511
2676
9837
3785
8163
10425
11214
9728
605
1596
1088
6745
8012
6858
3380
3561
254
6879
8256
7636
6386
3695
71
1256
11559
2898
1591
1214
2449
3435
7282
9209
9377
889
1363
7403
5805
6563
9379
6205
6728
497
11646
1313
713
3782
8852
520
11962
6054
2339
5454
2714
10065
6317
11647
726
498
6245
1775
11212
8930
1095
7834
7805
10878
4958
8251
559
2385
11634
1609
2836
6333
403
7629
11198
4948
10092
4453
8998
8502
11798
7070
9378
3159
4384
797
2674
5261
4828
6306
3045
1026
11954
8521
11172
5722
2869
3011
4398
10813
8612
8116
522
1413
9005
11056
8689
7584
10708
5690
418
9558
6672
10305
5815
956
7939
5989
4335
5381
9716
1648
8230
8440
7104
10595
1881
9364
3657
7918
9741
5825
6081
3482
11421
10358
6966
8380
8725
5021
8342
9110
8023
8498
4133
1455
4322
4764
11288
11206
4784
8821
9349
9369
9140
6629
715
3419
8559
3521
6575
9359
5031
3759
10700
2033
6158
7763
6815
7159
11477
8737
11190
9871
8064
961
10367
3399
7131
10017
631
7606
11689
475
874
2607
72
1348
11889
3630
1253
5610
4958
1477
5308
3594
6777
8639
8305
8869
2223
4081
3072
1395
9510
8139
7936
10371
1454
6702
2481
8068
4332
9017
4755
10348
1779
5939
2069
7186
1665
11361
5636
5658
4611
2785
1779
2254
8042
11697
11318
7228
5152
2321
7924
895
10134
2824
5886
2341
3267
11721
11694
2979
2171
10402
10182
4708
4526
6225
8743
5109
5045
5475
4198
2228
9192
3764
10399
891
4395
3110
6498
11375
1977
7891
48
7409
1979
305
1702
6108
6351
1711
7248
7321
5614
9348
10106
8268
6194
10470
7099
11007
1993
1799
8454
5331
8602
1470
3439
2186
7682
1270
1931
487
8636
5000
9397
1425
8564
2161
10420
10940
3808
2932
1853
4955
9071
6545
11054
1345
5109
10676
1361
3230
7456
6351
2133
6345
6371
1141
65
10638
4443
5035
8445
3066
8759
6410
3174
4796
11513
7905
7019
9555
8191
3753
8525
839
4156
9268
7388
34
488
11701
3797
9139
8367
7569
7389
10937
2043
8803
3910
11856
7683
10713
4552
10592
2805
10787
10164
774
9072
8710
6120
8543
11384
8756
3655
1811
8955
1849
7759
7372
7072
2109
4538
2642
11662
7544
9990
2973
566
2869
3647
2854
3630
8038
402
2196
203
11062
8053
1061
5622
8143
691
5783
7493
11842
1092
385
4280
3173
4555
3504
760
36
4410
8743
11294
8251
7522
7446
675
4758
565
1346
9499
3156
8733
8336
2485
5780
5759
7847
4188
9893
11739
6858
6730
8340
9213
9545
4936
7143
6347
10860
11251
6032
2750
7080
6237
777
588
386
10282
8484
3145
10034
2250
8603
6814
9452
1425
1464
8751
2853
1950
8504
9010
8475
4301
10107
2991
4534
1981
10168
1343
6312
1675
6924
238
6471
9507
5555
11008
1783
4858
9275
628
7903
6354
282
9401
5640
4173
5963
11371
11380
758
7102
2695
8884
294
3639
7083
11655
3989
5644
7835
4349
3238
6673
4716
2454
164
7590
7014
3499
8827
11170
11600
4518
4551
9450
682
5325
1394
809
4165
1341
8641
2130
6122
9292
10563
7174
1890
8054
9308
5432
7644
11244
850
223
4012
9837
10335
2690
11455
8194
11945
1627
3550
1309
7615
1693
1230
4920
10405
577
8204
1318
8319
7074
1457
6288
8614
10793
643
4522
5325
4339
2578
6219
1767
10366
1768
2228
11212
10704
8991
11236
8694
1133
7464
3873
7112
10910
5948
7499
1308
7233
4406
5592
715
7197
4407
11253
2497
3532
9468
11283
6728
7601
1876
9616
11226
7585
8262
10594
6077
7741
297
9626
4661
7802
7380
1257
3166
289
9020
8463
6133
3497
9864
2192
3470
1266
11914
782
6690
3488
2465
6784
766
1356
656
10064
11079
921
10233
8789
6305
5410
11259
1909
1933
4983
977
8262
11219
2296
7862
8211
2969
9193
1166
3939
4449
10286
854
2105
4981
6919
7782
5496
3512
10137
9367
2647
1436
11824
3700
6109
10380
1043
9173
3100
11477
7871
3142
2725
11788
9645
10069
3802
7104
8606
8727
10486
2255
5228
1746
1499
361
350
4688
8703
11124
1337
2235
6071
9298
3003
5799
10828
9905
2934
1946
2594
8528
5102
4545
9823
11236
1284
7363
7633
9160
840
10101
9363
1743
5761
7437
11708
7910
11686
3647
6292
2105
8707
718
10834
4193
2293
9591
8741
10612
10560
8295
9089
10981
11369
5213
9353
9526
7379
547
9096
229
5171
6316
4019
529
1980
4809
10361
2680
8306
9396
5550
2570
6819
3952
2390
8814
1500
1899
4710
8379
9816
6945
2502
4768
3019
3107
2039
6985
9285
3450
11251
14
9402
5195
8866
2503
11142
9482
1393
2586
2178
11012
2955
10502
4559
6195
11326
8655
2263
8126
7208
4236
7250
8829
8890
4256
667
9694
6816
2069
10536
1876
10495
3962
5218
7679
11319
10341
5387
7504
7460
10290
1961
10993
6973
7015
9602
5285
10516
8649
4906
8081
3856
10382
7284
287
10361
7626
10792
8518
1122
4119
2818
11558
3228
5400
2546
9149
8842
9013
10481
8055
5357
6086
4110
9328
3843
6619
7893
2084
7301
8802
294
10803
11972
11189
4453
9268
1998
3259
6349
783
8199
1127
6956
7100
7524
8674
10906
3757
991
299
3534
3148
8435
3794
10981
2575
10377
2479
6128
2931
6653
6835
690
383
109
11224
2630
6521
3780
3129
6372
5920
7378
2496
8889
9933
3793
9285
11766
3743
8458
4304
5739
2326
8023
1637
3937
9932
9750
10677
5236
1084
1340
3814
1609
4795
4605
2251
1258
1805
3488
7187
2582
5161
3375
801
6653
11261
10456
1025
5902
1766
11108
3960
10099
10360
1840
8137
3456
6310
10295
9472
857
9178
1100
791
6675
11711
9117
5252
8583
11081
10636
6743
8990
8117
2586
8555
362
6009
6606
10118
3748
8222
9027
543
8157
7950
1420
10993
234
2413
11292
1566
10824
10668
4803
10443
7473
7331
7170
7428
9880
2713
5379
2859
6500
2351
4378
1962
9188
5775
1683
347
6758
7570
2564
188
7729
7425
6525
8976
9289
7808
7764
7363
9640
10282
11622
11699
2408
6208
7700
10221
10687
2667
10440
3734
10522
1952
7378
11691
7340
6779
137
9202
3752
1659
11378
3394
5633
3439
6562
10808
7069
8997
10272
1230
9966
3468
11201
3387
6563
67
7594
8319
11033
10714
10019
1089
9570
3108
6775
622
7045
8810
5097
11009
6283
8052
470
9542
11418
10676
9006
1056
3556
10498
7703
6762
3092
8843
822
869
4544
5637
3234
7670
6671
3621
3717
9556
2870
2681
6605
8628
531
1174
1039
11070
2982
1344
1240
401
2097
8540
10815
5013
9375
6913
5066
3037
10428
7644
5574
11673
2348
7465
5043
10494
5307
1358
3453
1061
4970
7784
11048
314
1005
11653
11458
10798
920
1495
7517
10645
11878
8865
8846
588
5894
6004
4283
1886
5973
6175
5520
2130
10211
11751
7021
3295
9830
4295
9380
10217
5336
347
6718
3799
2633
2437
3527
11856
9964
9148
6610
9360
8889
6605
1277
1191
2332
6771
11988
8152
9805
5261
9867
11018
4462
7162
7296
7872
4544
5399
804
2702
2967
705
7960
462
3523
9092
11776
11293
6123
3953
1350
558
2915
5541
4024
9621
11867
4519
2308
6945
4555
8690
2127
2191
388
666
7661
3329
4398
5434
2103
10658
7994
2157
9140
9716
7702
6495
749
11679
5918
5899
11131
6693
125
10973
10156
10950
6736
10941
2670
1915
10895
10666
8299
8219
8078
8350
4121
7092
11214
7164
7643
7062
10290
4551
11939
8760
6099
5790
6681
10241
11726
7629
3951
7162
8805
1423
314
4414
8346
5181
2583
8506
10007
10261
19
1023
3286
1244
4434
2913
8919
545
5698
11129
11070
2853
7645
11347
8527
10336
6161
3005
8138
5766
11464
11828
84
11338
4135
2298
375
7920
9438
2219
1074
4859
4745
5516
9284
10150
652
3889
9781
10934
5367
4683
9502
2725
10448
5543
6658
10657
3801
3929
9321
11244
7010
5524
3670
778
8661
7821
881
2443
11295
1875
1758
10609
2912
234
1715
5460
4670
10470
7628
6277
6491
7560
4309
3094
9729
2490
9
6387
2905
7037
1363
2623
2668
3568
2574
4128
1759
8022
5406
2716
2681
11878
3676
1871
8108
976
8456
7986
2761
7471
6091
11317
8572
11980
10379
5731
9359
4167
921
7227
3136
11562
7638
2420
5297
2276
10849
5789
6548
5653
5080
4458
1383
3471
2884
9669
6238
3440
8464
10780
9127
84
1822
8790
10692
3940
6363
3823
9986
10151
6537
885
1182
2076
1152
430
11574
4471
10310
10881
10802
6058
7730
11218
8237
7006
9358
7138
5693
860
1637
11960
2434
4891
6738
11623
2428
11607
5285
9548
6331
3380
9785
8034
6431
3635
11912
51
6041
11995
10275
10938
7381
7064
1979
3444
5920
3198
11474
1971
6520
4644
9672
2535
9362
7873
1237
6135
5776
691
8151
648
11484
10915
1355
8253
11628
7907
9263
7608
10151
9222
2288
614
1641
3868
8363
6567
8753
9393
3485
11875
8585
8007
7912
5228
11144
9425
10442
6238
59
845
8545
2005
186
11699
10688
983
2553
10313
3262
677
2304
9568
1854
9377
9859
8921
1421
6065
7481
823
4008
7011
10746
609
4208
8300
9111
362
3421
2629
5855
7042
243
2215
11138
3322
5946
9475
6686
2163
5020
7411
8896
9005
9166
4208
639
2817
2816
9542
1073
2877
5499
11453
1019
10198
774
10375
9231
942
11425
11001
3909
3966
11819
5159
278
11783
997
3732
869
1797
2067
8861
6356
2573
8835
11304
7348
8179
9428
3802
7519
6352
10736
3628
9746
3235
7041
8263
9659
6864
9112
3227
1054
5401
237
581
9089
8246
9400
6471
1985
4714
8699
302
6197
3887
8626
772
3515
10544
8468
10924
5610
5723
296
11773
9761
4541
7512
11788
3272
10287
2782
9576
3126
612
11479
9664
11876
8810
1374
10060
4616
8713
11339
7561
11050
7656
9184
2335
9261
2254
7578
3332
11744
4400
11045
8379
11563
3929
4619
1605
7220
11845
1607
7898
2884
11738
8127
1594
6073
9264
7794
4474
5715
6029
890
10332
9714
3186
764
8026
8714
5340
7941
1876
3712
10993
1603
11642
5478
9842
4578
10034
11461
11649
3862
7832
6930
10172
11986
5149
9531
6852
11155
8244
8275
2470
8096
510
11195
2901
10965
9887
2426
1407
4380
8901
3495
2570
8840
9912
2831
9988
6242
872
2308
3308
10149
6000
5620
3952
9680
7262
804
1034
7565
6403
3996
3556
9888
7509
9751
1846
11456
4671
2793
8524
472
4321
7053
10924
7347
9144
8116
6978
4962
4231
975
6937
3637
4212
5992
8151
5261
10598
6456
9249
11720
11437
6953
3651
6744
6588
933
207
7709
1542
8469
5107
2648
4697
1117
7828
11920
11344
6154
8965
11437
2351
9115
9168
5286
6658
7674
6253
3814
10131
11341
1672
4884
7236
6262
2101
7049
10176
632
4816
11731
8770
5787
811
5297
5310
6991
9304
3037
8021
274
11276
1571
10430
5362
2160
81
8113
5808
10552
10062
8715
3902
6984
5874
4039
5751
10376
2444
6196
7118
9665
5792
11432
9180
2412
2875
9232
7333
2876
11346
633
5471
5051
1332
4445
4882
1618
10261
9133
8969
5530
5971
11661
465
5123
1035
388
6628
2197
6184
7387
2080
3420
5156
113
8589
6698
5013
11403
7956
9843
1135
43
8580
882
6601
7981
1905
7796
3545
10257
75
2247
3358
307
529
3057
9222
8076
5144
10684
10493
7632
2680
3929
3811
2605
3894
8349
6613
9705
6619
6530
8823
4959
3439
7448
2034
2048
11279
5514
8374
9203
8316
11731
3492
4599
5060
5537
5783
8090
5269
481
6920
1278
8585
11737
7202
10605
6322
10830
8965
7038
819
4554
8432
7388
5063
1148
6913
5914
5002
3170
4128
1069
4063
9355
7705
10658
1783
864
5538
5569
10353
6904
9694
5467
12
2595
7957
5411
6868
4275
7841
4390
10585
2089
8072
1087
6805
6743
4003
4921
7776
2746
6368
5533
791
10235
6993
3356
1479
9647
4757
3751
5796
2069
10081
1450
10780
6973
621
10629
7715
6377
8612
8915
8269
10123
5421
5010
531
990
3407
1313
3540
8828
11057
1051
3994
3609
10622
11897
5272
4567
10145
4917
4719
4034
5736
10921
338
572
11388
3865
8649
10270
8345
9004
7342
9719
6205
5756
11783
11283
1423
8064
1019
4610
1796
6056
11105
10230
5736
2380
10927
1140
10818
2347
627
8933
9062
7333
4823
1836
10825
11429
8479
7415
4910
360
10185
8283
9677
11022
5947
1279
2399
9692
6269
2913
8057
7158
2412
10744
3962
1383
10139
7474
1287
11266
7082
10113
10565
10231
3090
4463
9609
2029
9454
1493
9090
3079
6882
2819
9100
10046
1424
11549
7585
10094
10210
4189
10404
10342
6981
9085
7012
6532
829
1035
7438
6791
4367
8272
5205
2569
1765
8914
1254
11480
680
1289
11681
9712
1014
6196
7226
9063
5799
3204
6994
11364
3179
5539
4732
11168
3565
2859
11293
8076
2437
4408
7510
8885
9155
595
9760
7037
3281
8931
3844
6389
4543
4576
1599
8347
2452
4404
10777
9751
3000
4536
10253
7618
4470
722
9496
3973
4531
4729
3508
1460
2211
8057
75
2302
3177
8891
11172
9386
927
5044
8760
2867
6118
9003
10989
8684
11148
820
3925
2680
3479
8654
8462
5823
10876
7168
3936
6065
10773
6802
7266
2906
506
4087
3026
3542
8893
2728
1910
4748
885
9084
4411
8222
5596
1983
7323
11105
3928
3471
8773
11762
1369
6122
11045
1612
8229
11987
1315
926
5629
8020
685
7977
11072
11010
7548
10792
155
5573
6321
10969
11277
3693
2971
1658
1696
1580
4515
2750
8290
3290
4834
9700
6660
8592
1611
6117
9950
4981
5146
4409
11806
8539
4997
1159
4348
5498
7102
4880
7878
11927
1988
921
10206
841
10099
1977
2086
4395
9020
4595
11191
3384
7514
4435
8358
3446
4807
3790
2587
2663
4421
1938
7287
7124
8155
4432
9757
1155
5408
1227
707
3457
82
5839
800
7332
9677
6278
800
8450
4938
1517
2841
3290
5591
8602
662
7428
168
9224
2359
3257
7843
8710
259
1530
11437
8844
4998
10271
3422
8790
8687
4144
8725
5636
9257
5316
11539
3652
6656
3079
2126
7380
11501
10241
9695
11971
129
3283
6986
6982
6700
4720
9058
887
11027
3892
7053
5086
337
8585
1318
4015
9926
6409
11332
2229
1881
7806
6198
3886
2672
9814
3299
1096
9267
5426
7790
4900
5840
11395
4148
2420
8800
1746
2882
5806
8930
11109
6748
5068
5905
11052
3469
3787
266
8255
7983
11868
9134
9184
6583
9162
4490
6268
10137
9714
872
9253
7651
4785
10568
8418
9007
3511
3149
9785
4536
3167
8262
2230
1412
6491
1982
6597
2426
9374
5958
5402
11766
453
670
10716
8762
750
1785
9027
8386
2479
7475
5608
10351
1507
2947
4922
3227
5666
6082
8045
11871
9239
11188
10848
7681
8419
8301
3882
1900
1383
3314
10423
135
1865
3389
1061
3677
717
10692
3532
3973
3921
5451
1118
10734
1886
8643
6022
5647
3564
7318
5516
6602
8057
1664
8477
9543
5859
332
8069
6741
9707
9391
2884
1274
11288
6467
11788
3875
4619
9217
8970
2103
5918
190
3416
900
5123
2516
11017
4127
5971
8505
1970
6539
5624
2353
6945
10946
11330
8581
573
3919
6468
7646
2478
3440
1526
1409
7880
1237
1201
7660
2156
1366
2772
6887
2397
685
5253
3793
4025
10411
5570
4764
11984
815
3104
2545
7779
7401
7441
4879
5835
6505
5977
8616
1162
11325
2341
1088
9253
11707
7101
2029
425
2847
5291
10331
2484
7142
8597
6233
7628
9980
11777
5230
7939
8120
9031
9073
2590
8591
10462
7676
5076
4652
11677
5576
6294
9411
2766
1789
11263
3024
8542
2461
3514
10225
9855
11708
9887
7017
6205
7297
7495
10906
2573
8598
10042
5926
6495
4230
464
3969
4900
10335
9062
3572
2088
5213
2770
324
434
8249
4219
5453
2037
4638
10451
8884
6489
6381
10867
4234
9310
4312
31
11710
11326
5661
11334
6723
7355
2691
10345
3375
1074
8425
1862
4522
3768
1290
2159
10195
5902
1703
7897
9517
2088
205
3440
8014
1948
696
996
2377
3777
5647
7009
8215
610
8858
1701
5246
1428
3427
2420
8630
11689
6013
7619
779
11251
11319
10846
1005
1972
6931
1046
10721
3879
2191
6754
1720
9781
7767
5421
2164
3549
8871
9202
3404
3039
813
6888
706
4694
4628
4513
146
7406
